-26 -24 -23
-26 -24 -24
-26 -25 -24
-26 -24 -24
-26 -25 -24
-26 -25 -24
-26 -24 -24
-26 -24 -24
-26 -24 -24
-26 -25 -24
-26 -25 -24
-26 -25 -24
-26 -25 -24
-26 -25 -24
-26 -25 -24
-26 -25 -24
-26 -24 -23
-26 -24 -24
-26 -25 -23
-25 -24 -24
-25 -25 -23
-27 -25 -24
-26 -24 -23
-27 -24 -23
-27 -24 -23
-26 -25 -23
-27 -24 -23
-26 -24 -23
-26 -25 -23
-27 -24 -24
-26 -25 -24
-27 -24 -23
-26 -25 -24
-27 -25 -23
-26 -25 -23
-26 -25 -24
-26 -25 -24
-26 -25 -23
-27 -25 -24
-26 -24 -24
-26 -25 -24
-26 -25 -24
-27 -25 -24
-26 -25 -24
-27 -24 -24
-26 -25 -23
-26 -24 -23
-26 -25 -23
-27 -25 -24
-27 -25 -23
-28 -25 -24
-27 -25 -24
-26 -25 -23
-26 -25 -23
-26 -24 -24
-26 -24 -24
-26 -25 -24
-26 -25 -25
-26 -25 -25
-26 -25 -24
-26 -25 -24
-27 -25 -23
-26 -25 -24
-26 -25 -24
