-26 -24 -29
-32 -30 -31
-32 -30 -30
-32 -30 -30
-29 -29 -30
-33 -30 -30
-32 -30 -30
-34 -31 -30
-31 -31 -30
-32 -30 -30
-29 -30 -30
-33 -31 -30
-32 -31 -30
-32 -30 -30
-32 -30 -30
-33 -30 -30
-33 -30 -30
-33 -30 -30
-29 -30 -30
-33 -30 -30
-32 -30 -30
-29 -30 -30
-32 -30 -30
-33 -30 -30
-29 -30 -30
-32 -30 -30
-33 -30 -30
-29 -30 -30
-33 -30 -30
-29 -30 -30
-33 -30 -30
-33 -30 -30
-33 -30 -30
-33 -30 -30
-33 -30 -30
-32 -30 -30
-33 -30 -30
-29 -30 -30
-33 -30 -30
-32 -30 -30
-32 -30 -30
-29 -30 -30
-32 -30 -30
-33 -30 -30
-33 -30 -30
-29 -30 -30
-32 -31 -30
-32 -30 -30
-32 -30 -30
-32 -30 -30
-33 -30 -30
-32 -30 -30
-32 -30 -30
-32 -30 -30
-32 -30 -30
-32 -30 -30
-32 -30 -30
-32 -30 -30
-32 -30 -30
-32 -30 -30
-32 -31 -30
-32 -30 -30
-32 -30 -30
-32 -30 -30
-32 -30 -30
-32 -30 -30
-32 -30 -30
-32 -30 -30
-32 -30 -30
-32 -30 -30
-32 -30 -30
-32 -30 -30
-29 -32 -30
-32 -31 -30
-32 -31 -30
-32 -32 -30
-33 -31 -30
-34 -31 -30
-32 -31 -31
-31 -32 -31
-31 -32 -31
-32 -32 -31
-33 -29 -31
