-26 -24 -30
-36 -29 -30
-31 -29 -29
-33 -29 -30
-33 -31 -29
-33 -30 -30
-32 -29 -30
-32 -29 -29
-32 -29 -29
-33 -29 -29
-29 -29 -29
-33 -30 -29
-29 -30 -29
-29 -29 -29
-33 -28 -30
-32 -28 -30
-29 -29 -30
-33 -29 -29
-32 -29 -29
-33 -30 -29
-29 -29 -29
-32 -30 -29
-31 -30 -29
-30 -29 -29
-33 -29 -29
-29 -30 -29
-33 -29 -30
-31 -29 -29
-32 -29 -30
-32 -30 -30
-29 -29 -29
-30 -29 -30
-33 -29 -29
-32 -29 -29
-32 -29 -30
-32 -29 -29
-29 -29 -29
-33 -29 -29
-32 -29 -29
-32 -29 -29
-29 -29 -30
-32 -30 -29
-29 -29 -29
-28 -29 -29
-32 -29 -30
-33 -29 -30
-31 -29 -29
-32 -29 -29
-30 -30 -29
-32 -29 -29
-32 -29 -30
-32 -29 -30
-32 -30 -29
-29 -29 -30
-29 -29 -30
-32 -29 -29
-32 -29 -30
-32 -30 -29
-33 -29 -29
-30 -29 -29
-30 -29 -29
-30 -29 -29
-30 -28 -30
-30 -29 -30
