-30 -28 -36
-33 -33 -37
-33 -34 -37
-33 -34 -35
-33 -37 -36
-33 -34 -37
-33 -35 -37
-37 -36 -39
-33 -34 -39
-33 -35 -39
-34 -35 -39
-33 -34 -39
-34 -35 -38
-34 -34 -36
-34 -34 -38
-34 -35 -37
-34 -35 -39
-34 -35 -39
-34 -34 -39
-33 -34 -39
-33 -34 -39
-33 -32 -39
-33 -34 -39
-33 -34 -39
-33 -34 -39
-34 -34 -39
-34 -34 -39
-33 -34 -39
-33 -34 -39
-33 -34 -39
-34 -34 -39
-33 -34 -39
-33 -36 -39
-33 -34 -39
-34 -34 -39
-34 -35 -39
-34 -35 -39
-34 -34 -39
-33 -34 -39
-34 -34 -39
-36 -34 -39
-34 -34 -39
-34 -34 -39
-34 -34 -39
-34 -34 -39
-34 -34 -39
-34 -34 -39
-34 -34 -39
-34 -34 -39
-34 -34 -39
-34 -35 -39
-34 -34 -38
-34 -34 -39
-34 -35 -39
-34 -34 -39
-34 -34 -38
-34 -34 -39
-33 -34 -39
-36 -34 -39
-34 -35 -39
-34 -34 -38
-34 -35 -38
-34 -34 -39
-34 -34 -38
-34 -34 -38
-36 -34 -38
-34 -34 -38
-34 -34 -39
-33 -34 -36
-34 -35 -38
-34 -34 -38
-34 -34 -39
-34 -34 -38
-34 -34 -39
-34 -34 -38
-34 -34 -38
-33 -35 -38
-34 -35 -38
-33 -34 -38
-34 -35 -38
-33 -34 -38
-34 -35 -38
-33 -34 -38
-34 -34 -38
-33 -34 -38
-33 -34 -38
-33 -34 -38
-34 -34 -38
-34 -35 -38
-33 -35 -39
-34 -34 -38
-33 -35 -39
-33 -35 -39
