-34 -34 -36
-34 -32 -34
-35 -32 -34
-33 -33 -34
-34 -33 -34
-32 -32 -36
-33 -32 -36
-33 -33 -36
-34 -34 -36
-34 -35 -35
-35 -34 -36
-33 -32 -35
-35 -31 -36
-33 -32 -37
-33 -32 -34
-33 -34 -34
-33 -33 -34
-33 -33 -34
-33 -33 -34
-33 -33 -34
-35 -33 -34
-34 -33 -34
-34 -33 -34
-34 -33 -34
-34 -33 -34
-34 -33 -34
-36 -33 -34
-34 -33 -34
-34 -33 -34
-33 -33 -34
-34 -33 -34
-34 -33 -34
-34 -33 -34
-34 -33 -34
-34 -33 -34
-34 -33 -34
-34 -33 -34
-34 -33 -34
-34 -33 -34
-34 -33 -34
-35 -33 -34
-33 -33 -34
-34 -33 -34
-34 -33 -34
-34 -33 -34
-34 -33 -34
-34 -33 -34
-34 -33 -34
-34 -33 -34
-34 -33 -34
-34 -33 -34
-34 -33 -34
-33 -33 -34
-34 -33 -34
-34 -33 -34
-34 -33 -34
-34 -33 -34
-34 -33 -34
-34 -33 -34
-36 -33 -34
-36 -33 -34
-34 -33 -34
-34 -33 -34
-34 -33 -34
-34 -33 -34
-34 -33 -34
-36 -33 -34
-36 -33 -34
-34 -33 -34
-36 -33 -34
-34 -33 -34
-34 -33 -34
-34 -33 -34
-36 -33 -34
-36 -33 -34
-34 -33 -34
-36 -33 -34
-34 -33 -34
-34 -34 -34
-34 -33 -34
-34 -33 -34
-34 -33 -34
-34 -33 -34
-34 -33 -34
-36 -33 -34
-35 -33 -34
-34 -33 -34
-34 -33 -34
-34 -33 -34
-36 -33 -34
-34 -33 -34
-34 -34 -34
-34 -33 -34
-36 -33 -34
-36 -33 -34
-36 -34 -34
-37 -33 -34
-34 -33 -34
-34 -33 -34
-36 -33 -34
-34 -33 -34
-34 -33 -34
-34 -33 -34
-32 -33 -34
-34 -33 -35
-34 -33 -34
-34 -33 -34
-36 -33 -34
-37 -33 -34
-34 -33 -34
-34 -33 -34
-34 -33 -34
-34 -33 -34
-34 -33 -34
-34 -33 -34
-34 -33 -34
-35 -33 -34
-34 -33 -34
-36 -33 -34
-35 -33 -34
-35 -33 -34
-28 -33 -34
-28 -32 -34
-34 -33 -34
-35 -33 -35
-35 -33 -34
-34 -33 -34
-34 -33 -34
-34 -33 -34
-34 -33 -34
-34 -33 -34
-34 -33 -34
-34 -33 -36
-34 -33 -34
-34 -33 -34
-34 -33 -34
-35 -33 -34
-34 -33 -34
-36 -33 -34
-34 -33 -34
-34 -33 -34
-34 -33 -34
-35 -33 -34
-34 -33 -34
-34 -33 -34
-34 -33 -34
-35 -33 -34
-34 -33 -34
-29 -33 -34
-37 -33 -34
-34 -33 -34
-34 -33 -34
