-48 -32 -44
-44 -47 -44
-45 -51 -45
-53 -53 -38
-51 -45 -45
-48 -52 -42
-51 -55 -42
-45 -55 -43
-46 -66 -44
-55 -50 -44
-51 -51 -42
-58 -46 -44
-53 -56 -45
-55 -56 -42
-59 -64 -43
-51 -51 -42
-60 -50 -42
-56 -50 -44
-54 -57 -42
-52 -50 -42
-58 -65 -44
-51 -49 -43
-51 -56 -42
-57 -63 -42
-50 -55 -43
-54 -50 -42
-53 -52 -45
-60 -54 -44
-52 -55 -47
-56 -50 -47
-55 -52 -43
-53 -51 -44
-54 -58 -45
-53 -48 -46
-63 -48 -46
-68 -55 -43
-54 -54 -45
-62 -52 -42
-54 -60 -47
-52 -66 -42
-50 -53 -45
-54 -48 -43
-48 -45 -45
-52 -50 -45
-51 -52 -42
-49 -55 -43
-59 -53 -42
-49 -54 -46
-55 -46 -44
-58 -51 -43
-55 -50 -42
-53 -50 -43
-51 -52 -42
-56 -47 -44
-41 -51 -44
-48 -50 -45
-45 -53 -45
-54 -57 -42
-49 -50 -43
-56 -52 -43
-45 -49 -43
-56 -50 -43
-48 -54 -44
-48 -54 -43
-49 -54 -43
-54 -54 -44
-48 -53 -44
-46 -54 -45
-53 -52 -44
-49 -49 -45
-46 -52 -46
-49 -53 -44
-50 -55 -44
-56 -53 -44
-56 -53 -44
-56 -50 -44
-53 -58 -44
-54 -50 -44
-54 -52 -44
-54 -51 -44
-55 -51 -44
-55 -51 -44
-55 -53 -44
-53 -53 -44
-54 -53 -44
-53 -53 -44
-54 -53 -44
-56 -53 -44
-53 -53 -45
-67 -54 -44
-58 -54 -44
-55 -52 -44
-57 -51 -44
-56 -53 -44
-61 -53 -43
-57 -51 -44
-55 -53 -44
-59 -53 -43
-54 -53 -44
-54 -53 -44
-59 -51 -45
-59 -53 -44
-55 -53 -44
-56 -53 -44
-55 -54 -41
-55 -53 -44
-54 -53 -44
-54 -53 -44
-58 -53 -44
-53 -53 -44
-55 -54 -43
-56 -55 -45
-59 -57 -45
-59 -59 -44
-55 -57 -44
-55 -57 -44
-56 -57 -44
-53 -57 -44
-58 -56 -44
-56 -56 -44
-56 -57 -44
-56 -57 -44
-55 -56 -44
-52 -57 -45
-53 -57 -44
-54 -56 -44
-53 -53 -44
-54 -53 -44
-53 -53 -44
-53 -56 -44
-53 -56 -44
-53 -55 -44
-53 -55 -44
-53 -56 -45
-53 -56 -44
-54 -55 -44
-54 -56 -44
-54 -56 -44
-54 -56 -45
-56 -56 -44
-54 -56 -44
-54 -56 -44
-55 -54 -44
-56 -56 -44
-54 -56 -44
-54 -57 -45
-56 -57 -44
-54 -56 -44
-55 -56 -44
-54 -55 -44
-52 -56 -44
-54 -56 -44
-55 -56 -44
-55 -56 -45
-53 -56 -44
-54 -56 -44
-54 -56 -44
-56 -56 -44
-54 -55 -44
-54 -56 -45
-54 -56 -44
-54 -55 -45
-54 -56 -44
-54 -56 -44
-56 -56 -44
-54 -55 -44
-54 -55 -44
-54 -56 -44
-54 -56 -43
-54 -55 -44
-54 -55 -44
-55 -56 -44
-54 -57 -44
-55 -57 -44
-55 -57 -44
-54 -57 -44
-55 -56 -44
-54 -56 -41
-54 -56 -44
-56 -56 -44
-54 -56 -44
-56 -56 -44
-54 -57 -44
-54 -56 -44
-54 -56 -44
-54 -56 -45
-54 -56 -44
-54 -56 -45
-54 -56 -44
-55 -56 -44
-57 -56 -44
-54 -55 -44
-54 -56 -44
-54 -56 -44
-54 -55 -44
-54 -56 -44
-54 -56 -44
-54 -56 -44
-54 -57 -44
-53 -56 -44
-55 -54 -44
-53 -57 -44
-56 -57 -44
-54 -56 -45
-53 -56 -44
-53 -54 -44
-53 -57 -44
-54 -57 -44
-53 -56 -44
-54 -57 -46
-54 -56 -44
-54 -57 -44
-54 -56 -44
-54 -56 -44
-54 -56 -44
-54 -56 -44
-54 -56 -44
-54 -56 -44
-53 -56 -44
-54 -56 -44
-54 -56 -44
-53 -56 -44
-54 -56 -44
-55 -55 -44
-53 -57 -44
-53 -56 -44
-53 -56 -44
-54 -57 -44
-53 -56 -43
-53 -56 -44
-52 -57 -44
-53 -56 -44
-49 -56 -44
-54 -57 -44
-53 -56 -44
-59 -56 -44
-54 -56 -44
-54 -56 -44
-54 -57 -44
-53 -57 -44
-53 -56 -44
-53 -57 -44
-54 -57 -44
-53 -57 -45
-54 -56 -44
-54 -56 -44
-54 -56 -44
-54 -56 -44
-53 -54 -43
-54 -54 -43
-59 -55 -45
-54 -55 -43
-54 -55 -43
-54 -55 -41
-54 -55 -45
-54 -57 -44
-54 -56 -44
-54 -55 -44
-54 -55 -44
-54 -57 -44
-54 -55 -43
-54 -57 -44
-54 -55 -43
-54 -55 -48
-54 -55 -42
