-38 -49 -46
-40 -50 -45
-45 -40 -43
-40 -42 -45
-39 -42 -47
-39 -42 -45
-44 -44 -46
-37 -47 -46
-44 -47 -46
-41 -43 -50
-45 -45 -43
-43 -47 -44
-45 -44 -44
-42 -50 -46
-43 -47 -45
-42 -44 -46
-47 -50 -45
-39 -47 -47
-46 -54 -48
-46 -47 -45
-44 -49 -46
-47 -49 -55
-40 -48 -43
-46 -48 -48
-48 -49 -48
-46 -50 -45
-45 -48 -46
-47 -47 -44
-48 -49 -47
-47 -47 -46
-46 -45 -47
-46 -49 -48
-45 -48 -47
-46 -47 -46
-43 -47 -46
-42 -47 -46
-44 -48 -47
-46 -48 -47
-47 -41 -48
-42 -43 -48
-48 -50 -48
-45 -45 -49
-42 -44 -48
-41 -46 -48
-52 -53 -44
-38 -42 -49
-48 -46 -54
-45 -44 -47
-44 -51 -50
-44 -50 -48
-43 -48 -47
-46 -48 -47
-46 -48 -44
-45 -50 -43
-46 -47 -42
-46 -50 -45
-48 -50 -45
-45 -52 -45
-44 -50 -45
-43 -50 -45
-44 -50 -45
-44 -50 -46
-44 -50 -45
-44 -50 -45
-38 -50 -46
-44 -48 -45
-44 -50 -45
-44 -49 -45
-44 -50 -46
-44 -49 -45
-44 -46 -45
-44 -48 -45
-44 -48 -46
-45 -45 -46
-44 -46 -46
-44 -49 -46
-45 -49 -46
-45 -49 -46
-45 -48 -46
-45 -48 -45
-45 -49 -45
-45 -49 -46
-45 -49 -47
-45 -50 -46
-45 -49 -45
-45 -49 -45
-44 -49 -45
-44 -50 -46
-45 -50 -46
-44 -49 -46
-44 -50 -48
-44 -48 -44
-44 -49 -46
-44 -49 -47
-44 -50 -46
-45 -50 -45
-44 -48 -45
-46 -47 -45
-45 -49 -46
-45 -51 -45
-45 -48 -46
-41 -50 -47
-42 -47 -46
