-46 -43 -46
-40 -45 -43
-38 -47 -43
-39 -39 -43
-39 -42 -44
-39 -44 -42
-40 -43 -43
-40 -45 -44
-39 -45 -45
-39 -45 -43
-39 -45 -44
-39 -45 -44
-39 -43 -45
-42 -44 -44
-41 -44 -43
-42 -44 -45
-38 -41 -44
-41 -46 -45
-41 -45 -44
-38 -45 -47
-42 -44 -44
-39 -46 -43
-39 -43 -49
-38 -47 -44
-37 -45 -48
-38 -41 -48
-37 -42 -48
-36 -46 -48
-38 -44 -47
-38 -44 -46
-42 -42 -43
-38 -45 -48
-39 -44 -42
-38 -41 -48
-38 -40 -46
-37 -44 -47
-40 -46 -46
-37 -44 -44
-43 -44 -43
-45 -41 -47
-41 -40 -45
-39 -43 -42
-45 -43 -45
-41 -47 -42
-41 -45 -41
-41 -44 -45
-44 -45 -43
-42 -40 -43
-41 -46 -41
-42 -39 -41
-44 -44 -42
-42 -46 -45
-44 -42 -43
-42 -44 -43
-42 -50 -43
-42 -45 -43
-42 -46 -43
-42 -46 -43
-42 -45 -42
-42 -46 -44
-42 -46 -43
-42 -46 -43
-42 -46 -43
-42 -47 -43
-42 -45 -42
-42 -46 -43
-42 -46 -42
-42 -46 -42
-42 -48 -42
-42 -47 -42
-42 -48 -43
-41 -47 -43
-42 -47 -43
-43 -49 -43
-41 -48 -43
-42 -46 -43
-42 -46 -42
-42 -47 -43
-42 -46 -43
-42 -46 -44
-42 -47 -43
-42 -47 -43
-42 -47 -43
-42 -47 -43
-42 -45 -42
-42 -46 -43
-41 -45 -43
-41 -45 -43
-42 -45 -43
-43 -47 -43
-43 -47 -44
-42 -48 -43
-41 -48 -44
-41 -47 -43
-42 -46 -42
-42 -47 -42
-42 -48 -43
-43 -47 -45
-45 -45 -40
-45 -48 -43
-41 -45 -44
