-45 -42 -46
-43 -49 -47
-44 -48 -48
-44 -50 -52
-44 -47 -48
-43 -50 -49
-45 -49 -46
-40 -49 -46
-43 -53 -48
-42 -53 -48
-42 -53 -48
-42 -53 -48
-42 -53 -48
-42 -53 -48
-42 -53 -48
-42 -53 -49
-42 -52 -48
-42 -53 -48
-43 -54 -48
-42 -52 -48
-42 -54 -48
-42 -52 -48
-42 -53 -48
-42 -50 -48
-42 -49 -51
-43 -51 -57
-42 -49 -51
-41 -51 -54
-43 -50 -49
-44 -50 -48
-44 -51 -49
-39 -45 -46
-44 -47 -45
-40 -49 -47
-38 -46 -51
-38 -48 -48
-38 -44 -48
-49 -43 -48
-42 -40 -46
-42 -51 -50
-43 -54 -52
-42 -50 -46
-42 -49 -48
-44 -51 -49
-44 -53 -48
-44 -51 -50
-42 -50 -51
-45 -51 -51
-43 -54 -51
-44 -53 -51
-44 -48 -51
-44 -49 -51
-43 -49 -51
-37 -48 -47
-44 -50 -50
-43 -49 -54
-44 -49 -48
-45 -49 -50
-48 -49 -47
-43 -48 -44
-43 -49 -44
-45 -44 -44
