-40 -35 -38
-38 -35 -37
-38 -33 -37
-38 -36 -37
-38 -35 -37
-33 -37 -37
-41 -35 -37
-39 -36 -38
-39 -34 -36
-37 -34 -39
-40 -34 -33
-36 -35 -37
-38 -35 -36
-38 -37 -36
-42 -34 -36
-39 -36 -38
-39 -35 -36
-39 -34 -36
-40 -36 -37
-39 -35 -36
-39 -39 -37
-40 -36 -37
-37 -37 -37
-38 -36 -36
-39 -36 -36
-41 -35 -37
-38 -36 -36
-37 -36 -36
-37 -34 -36
-37 -36 -36
-39 -35 -36
-38 -34 -36
-39 -35 -36
-36 -36 -37
-38 -36 -38
-37 -35 -36
-38 -35 -37
-39 -35 -39
-39 -35 -33
-39 -35 -36
-38 -35 -37
-38 -35 -38
-38 -35 -36
-38 -35 -36
-38 -35 -38
-38 -35 -36
-38 -36 -37
-38 -35 -37
-39 -35 -36
-38 -35 -37
-38 -35 -37
-39 -36 -38
-38 -35 -39
-38 -35 -38
-38 -35 -38
-36 -36 -38
-38 -35 -37
-37 -36 -37
-37 -35 -37
-38 -35 -37
-38 -35 -38
-38 -35 -37
-38 -35 -37
-38 -35 -37
-38 -35 -36
-39 -35 -37
-38 -35 -37
-38 -35 -38
-38 -35 -37
-38 -35 -37
-38 -35 -37
-37 -35 -37
-42 -35 -37
-38 -35 -37
-38 -35 -37
-37 -33 -37
-38 -35 -37
-38 -35 -37
-38 -35 -37
-38 -35 -37
-38 -35 -37
-38 -35 -37
-32 -35 -37
-38 -32 -37
-38 -35 -37
-38 -34 -37
-38 -35 -37
-38 -32 -37
-38 -35 -37
-38 -35 -37
-37 -35 -37
-38 -34 -37
-38 -35 -37
-41 -33 -37
-41 -35 -37
-37 -34 -36
-38 -35 -36
-38 -35 -37
-38 -35 -37
-38 -35 -37
-42 -35 -37
-37 -35 -37
-37 -35 -37
-37 -34 -37
-39 -35 -39
-35 -35 -36
-36 -34 -35
