-39 -36 -50
-35 -39 -44
-39 -40 -44
-39 -37 -36
-41 -35 -40
-40 -35 -46
-36 -35 -36
-39 -35 -36
-38 -36 -35
-35 -35 -39
-38 -36 -41
-38 -35 -40
-35 -35 -40
-38 -36 -39
-36 -35 -40
-38 -36 -41
-36 -36 -41
-37 -37 -40
-38 -36 -40
-38 -36 -40
-39 -37 -40
-39 -37 -41
-37 -37 -41
-32 -36 -41
-38 -37 -41
-39 -36 -41
-41 -37 -41
-38 -37 -41
-37 -36 -40
-37 -37 -42
-37 -36 -41
-40 -37 -41
-37 -37 -42
-37 -37 -42
-37 -36 -42
-37 -36 -41
-37 -37 -41
-38 -36 -41
-38 -37 -41
-38 -37 -41
-38 -37 -41
-38 -37 -41
-38 -37 -41
-37 -37 -42
-37 -37 -40
-39 -36 -41
-37 -37 -41
-37 -36 -43
-37 -37 -41
-37 -37 -41
-37 -36 -40
-37 -41 -44
-39 -38 -41
-37 -39 -40
-37 -35 -39
