-41 -34 -57
-39 -40 -42
-39 -38 -41
-39 -39 -41
-39 -42 -43
-39 -41 -43
-39 -41 -42
-39 -42 -42
-39 -41 -43
-39 -41 -42
-39 -41 -42
-40 -42 -42
-39 -41 -42
-39 -42 -42
-39 -42 -43
-39 -42 -42
-40 -41 -38
-40 -39 -40
-41 -39 -40
-39 -38 -42
-40 -42 -41
-37 -41 -42
-39 -42 -41
-41 -40 -45
-43 -40 -42
-43 -41 -39
-42 -39 -40
-43 -42 -40
-42 -36 -40
-42 -39 -42
-39 -39 -42
-40 -39 -41
-41 -41 -41
-42 -41 -41
-42 -41 -41
-42 -42 -40
-41 -42 -40
-44 -42 -40
-41 -40 -40
-42 -41 -41
-41 -42 -40
-41 -42 -39
-38 -41 -39
-41 -41 -41
-43 -42 -42
-42 -41 -43
-42 -41 -42
-42 -42 -41
-42 -42 -41
-42 -42 -38
-42 -41 -41
-43 -41 -43
-41 -42 -41
-41 -41 -41
-43 -41 -44
-43 -40 -43
-44 -44 -43
-39 -44 -40
-41 -45 -40
-42 -37 -40
-41 -39 -43
-42 -40 -41
-43 -41 -41
-41 -40 -41
-39 -41 -41
-41 -40 -39
-42 -41 -41
-42 -41 -40
-41 -42 -39
-42 -42 -40
-42 -40 -39
