-35 -32 -45
-38 -41 -51
-46 -43 -46
-40 -45 -44
-39 -39 -47
-38 -41 -46
-38 -41 -48
-38 -39 -44
-38 -40 -45
-38 -39 -45
-39 -41 -45
-38 -41 -45
-38 -40 -47
-38 -40 -44
-38 -39 -44
-38 -40 -44
-38 -40 -44
-39 -40 -44
-38 -40 -44
-38 -40 -44
-38 -40 -46
-38 -40 -44
-38 -40 -44
-38 -40 -44
-38 -39 -46
-38 -40 -46
-38 -40 -44
-39 -40 -44
-38 -40 -45
-38 -40 -44
-38 -38 -44
-38 -40 -45
-39 -40 -45
-38 -40 -45
-41 -40 -44
-38 -40 -44
-39 -40 -45
-38 -39 -45
-38 -40 -46
-38 -40 -46
-38 -40 -44
-38 -40 -47
-38 -39 -45
-38 -39 -45
-38 -39 -44
-39 -40 -45
-38 -39 -44
-39 -39 -44
-39 -39 -46
-39 -39 -47
-39 -39 -44
-39 -39 -45
-39 -39 -45
-39 -39 -48
-39 -39 -46
-39 -40 -45
-39 -39 -44
-39 -40 -46
-39 -39 -51
-39 -38 -47
-38 -37 -44
-37 -37 -48
-39 -39 -45
-39 -40 -46
-40 -40 -46
-38 -39 -44
-39 -41 -47
-39 -39 -46
-38 -40 -47
-38 -43 -47
-38 -41 -59
