-38 -45 -42
-38 -48 -42
-38 -46 -43
-37 -43 -42
-36 -45 -45
-36 -46 -42
-36 -46 -43
-37 -48 -42
-38 -50 -42
-38 -48 -42
-39 -46 -42
-37 -46 -42
-38 -46 -42
-42 -43 -41
-38 -46 -42
-38 -45 -42
-37 -45 -42
-37 -45 -42
-39 -47 -69
-38 -46 -41
-38 -46 -41
-38 -45 -43
-38 -45 -42
-39 -44 -68
-38 -42 -44
-38 -44 -42
-38 -45 -43
-38 -42 -43
-38 -45 -42
-38 -46 -42
-38 -46 -42
-38 -46 -42
-38 -46 -42
-40 -45 -42
-38 -46 -42
-38 -46 -42
-37 -46 -42
-37 -46 -42
-44 -46 -42
-38 -46 -43
-37 -46 -41
-38 -46 -41
-38 -46 -42
-38 -46 -45
-38 -45 -41
-38 -46 -43
-37 -45 -42
-39 -45 -42
-38 -44 -42
-38 -44 -42
-38 -45 -42
-38 -44 -42
-38 -44 -42
-38 -44 -42
-38 -45 -42
-38 -45 -42
-38 -45 -42
-38 -45 -42
-38 -43 -42
-38 -44 -42
-38 -40 -44
-38 -44 -42
-38 -44 -42
-38 -43 -42
-38 -44 -42
-38 -44 -42
-38 -43 -42
-38 -44 -42
-38 -43 -42
-38 -46 -42
-38 -44 -42
-38 -43 -42
-38 -44 -42
-38 -43 -42
-38 -43 -41
-37 -43 -43
-37 -46 -42
-37 -46 -41
-38 -45 -42
-37 -48 -43
-38 -44 -43
-38 -46 -43
-39 -47 -41
-38 -47 -43
-38 -46 -42
-38 -45 -42
-39 -46 -42
-38 -47 -42
-38 -49 -42
-38 -45 -43
-34 -45 -43
-37 -48 -41
-36 -46 -41
-36 -48 -41
-37 -49 -41
-37 -46 -43
-37 -43 -42
-37 -43 -42
-37 -45 -71
-36 -43 -43
-38 -46 -43
-37 -45 -43
-39 -48 -43
-38 -44 -42
-38 -47 -43
-38 -46 -42
