-36 -38 -41
-39 -37 -33
-39 -38 -38
-40 -39 -33
-39 -38 -32
-39 -38 -33
-39 -38 -33
-40 -38 -33
-40 -38 -33
-39 -37 -33
-40 -38 -34
-41 -39 -33
-41 -39 -33
-40 -38 -33
-39 -39 -34
-39 -39 -33
-40 -38 -34
-40 -38 -33
-40 -38 -33
-40 -39 -33
-40 -38 -33
-40 -39 -33
-39 -39 -33
-41 -39 -33
-39 -39 -33
-39 -39 -33
-39 -39 -33
-41 -39 -33
-39 -39 -33
-39 -39 -33
-40 -39 -33
-41 -39 -33
-39 -39 -33
-40 -39 -33
-40 -39 -33
-40 -39 -33
-40 -39 -33
-40 -39 -33
-40 -39 -33
-40 -39 -33
-40 -39 -33
-40 -39 -34
-40 -39 -33
-40 -39 -33
-40 -39 -33
-42 -39 -33
-40 -38 -33
-40 -38 -33
-40 -39 -33
-40 -39 -33
-39 -39 -33
-39 -39 -33
-40 -39 -33
-40 -39 -33
-40 -39 -33
-40 -39 -33
-40 -39 -33
-40 -39 -33
-40 -39 -33
-39 -39 -33
-39 -39 -33
-39 -39 -33
-41 -39 -35
-40 -39 -36
-39 -39 -36
-39 -39 -35
-40 -40 -35
-40 -38 -36
-39 -36 -35
-39 -36 -36
-39 -36 -36
-38 -35 -36
-39 -37 -36
-39 -36 -36
-38 -36 -36
-39 -36 -36
-39 -36 -36
-38 -36 -36
-35 -37 -36
-39 -37 -36
-40 -36 -35
-39 -37 -36
-40 -37 -36
-41 -37 -35
-40 -37 -36
-40 -37 -33
-40 -37 -36
-39 -37 -35
-39 -37 -36
-39 -35 -35
-39 -37 -36
-40 -36 -36
-39 -37 -35
-39 -36 -36
-39 -37 -36
-39 -36 -35
-39 -37 -34
-39 -36 -35
-38 -37 -35
-40 -36 -33
-40 -36 -36
-39 -37 -40
-39 -37 -35
-41 -37 -36
-39 -36 -36
-38 -36 -36
-40 -36 -36
