-18 -18 -32
-18 -18 -18
-19 -18 -18
-19 -18 -17
-18 -18 -17
-18 -18 -17
-19 -18 -17
-19 -18 -17
-18 -18 -17
-18 -18 -17
-18 -18 -18
-18 -18 -17
-18 -18 -17
-19 -18 -17
-19 -18 -17
-19 -18 -17
-18 -18 -17
-19 -18 -17
-18 -18 -18
-19 -18 -17
-19 -18 -17
-18 -18 -17
-19 -18 -17
-18 -18 -17
-19 -18 -17
-19 -18 -18
-19 -18 -17
-18 -18 -17
-19 -18 -17
-19 -18 -17
-18 -18 -17
-18 -18 -17
-18 -18 -17
-18 -18 -17
-18 -18 -17
-19 -18 -18
-19 -18 -18
-19 -18 -17
-18 -18 -17
-19 -18 -17
-19 -18 -17
-18 -18 -17
-18 -18 -17
-19 -18 -17
-19 -18 -17
-18 -18 -17
-19 -18 -17
-18 -18 -17
-19 -18 -17
-19 -18 -17
-19 -18 -17
-18 -18 -17
-18 -18 -17
-18 -18 -17
-18 -18 -17
-18 -18 -17
-18 -18 -17
-18 -18 -17
-18 -18 -17
-18 -18 -17
-19 -18 -17
-18 -18 -17
-18 -18 -18
-18 -18 -18
-18 -18 -17
-18 -18 -17
-18 -18 -17
-18 -18 -17
-18 -18 -17
-18 -18 -17
-18 -18 -17
-19 -18 -17
-18 -18 -17
-18 -18 -17
-18 -18 -17
-18 -18 -17
-18 -18 -17
-18 -18 -17
-18 -18 -17
-18 -18 -17
-19 -18 -17
-18 -18 -17
-18 -18 -17
-19 -18 -17
-18 -18 -17
-18 -18 -17
-18 -18 -17
-18 -18 -17
-18 -18 -17
-18 -18 -17
-18 -18 -17
-18 -18 -17
-19 -18 -17
-18 -18 -17
-19 -18 -17
-18 -18 -17
-19 -18 -17
-19 -18 -17
-19 -18 -17
-19 -18 -17
-19 -18 -17
-19 -18 -17
-19 -18 -17
-19 -18 -17
-18 -18 -17
-19 -18 -17
-18 -18 -17
