-38 -43 -37
-36 -40 -36
-35 -40 -37
-34 -42 -37
-34 -40 -37
-33 -42 -37
-35 -41 -37
-35 -40 -37
-35 -41 -37
-32 -42 -37
-36 -41 -37
-34 -41 -36
-34 -41 -36
-35 -42 -36
-34 -41 -37
-35 -42 -35
-35 -41 -36
-36 -40 -37
-32 -41 -37
-35 -40 -36
-35 -42 -35
-32 -40 -36
-33 -40 -37
-36 -41 -36
-35 -40 -37
-34 -41 -37
-34 -41 -36
-35 -41 -36
-35 -41 -37
-34 -41 -36
-33 -41 -36
-33 -40 -36
-33 -40 -37
-32 -41 -37
-34 -42 -35
-36 -40 -37
-35 -41 -41
-36 -40 -37
-36 -42 -37
-35 -43 -37
-32 -42 -37
-32 -43 -37
-35 -42 -36
-36 -43 -37
-36 -43 -36
-35 -41 -36
-36 -43 -37
-35 -44 -36
-35 -45 -37
-35 -45 -36
-36 -45 -36
-36 -45 -35
-36 -44 -36
-36 -43 -36
-35 -40 -36
-34 -41 -36
-35 -42 -36
-34 -43 -36
-35 -45 -35
-35 -42 -36
-36 -45 -36
-32 -43 -37
-35 -42 -36
-32 -43 -36
-35 -45 -37
-35 -44 -36
-35 -43 -36
-35 -43 -36
-36 -42 -36
-35 -43 -36
-35 -43 -36
-36 -42 -36
-35 -43 -36
-35 -43 -35
-35 -42 -36
-34 -43 -36
-36 -45 -37
-35 -42 -36
-36 -43 -37
-35 -42 -36
-35 -41 -37
-36 -40 -36
-36 -43 -37
-35 -43 -36
-34 -44 -36
-32 -39 -36
-35 -42 -36
-35 -41 -36
-35 -47 -36
-33 -43 -36
-36 -44 -36
-36 -45 -36
-36 -41 -36
-31 -42 -37
-36 -43 -37
-34 -43 -38
-35 -42 -37
-36 -43 -37
-35 -43 -37
-36 -44 -36
-33 -44 -36
-32 -42 -36
-35 -43 -37
-36 -42 -36
-32 -42 -36
-35 -42 -36
-36 -41 -36
-35 -41 -36
-35 -41 -36
