-35 -38 -36
-37 -38 -63
-37 -38 -57
-36 -41 -56
-38 -40 -51
-40 -40 -60
-37 -39 -58
-37 -39 -60
-37 -39 -59
-37 -39 -59
-37 -39 -56
-37 -39 -51
-37 -39 -56
-36 -39 -48
-36 -39 -45
-36 -39 -45
-38 -39 -45
-42 -40 -41
-42 -41 -43
-39 -41 -42
-41 -38 -54
-49 -39 -46
-40 -40 -54
-39 -41 -59
-41 -43 -59
-39 -41 -59
-39 -40 -59
-45 -38 -50
-38 -40 -66
-39 -39 -63
-36 -39 -52
-36 -38 -56
-37 -38 -62
-36 -43 -61
-39 -43 -58
-37 -43 -59
-39 -42 -55
-38 -42 -59
-39 -39 -54
-38 -39 -55
-37 -40 -58
-36 -41 -55
-37 -39 -59
-38 -38 -53
-36 -38 -55
-37 -38 -57
-39 -39 -52
-36 -39 -60
-36 -39 -56
-36 -39 -54
-36 -40 -51
-36 -39 -60
-36 -40 -53
-37 -39 -57
-38 -40 -57
-36 -38 -58
-38 -39 -60
-37 -39 -59
-37 -37 -56
-39 -39 -58
-32 -40 -55
-38 -41 -59
-37 -39 -57
-37 -40 -59
-38 -39 -57
-37 -40 -57
-39 -39 -57
-34 -39 -66
-37 -40 -53
-37 -40 -52
-36 -43 -56
-38 -39 -59
-36 -41 -55
-39 -39 -54
-36 -41 -54
-39 -42 -58
-38 -45 -56
-37 -40 -58
-35 -39 -56
-38 -41 -55
-35 -43 -58
-38 -41 -57
-36 -41 -60
-38 -41 -59
-37 -39 -60
-40 -40 -62
-38 -40 -55
-38 -40 -53
-37 -41 -49
-39 -39 -58
-38 -40 -57
-38 -40 -56
-38 -41 -54
-37 -41 -55
-37 -40 -56
-37 -40 -56
-38 -40 -56
-37 -41 -56
-37 -41 -56
-37 -40 -60
-38 -39 -58
-36 -40 -56
-37 -39 -56
-36 -38 -58
-37 -37 -52
-36 -40 -54
-37 -40 -59
-41 -43 -53
-40 -44 -58
