-38 -38 -57
-40 -37 -44
-43 -35 -44
-43 -37 -44
-38 -38 -47
-43 -38 -45
-38 -37 -45
-45 -36 -45
-37 -38 -47
-41 -38 -46
-43 -38 -48
-45 -37 -45
-41 -38 -46
-41 -37 -44
-41 -38 -44
-42 -37 -47
-41 -37 -44
-44 -37 -47
-42 -37 -46
-41 -36 -46
-38 -37 -41
-39 -37 -42
-39 -37 -42
-38 -36 -40
-39 -37 -44
-40 -37 -43
-40 -37 -44
-43 -38 -44
-41 -38 -43
-41 -40 -43
-39 -36 -44
-40 -38 -41
-40 -38 -44
-42 -38 -46
-40 -39 -45
-41 -39 -44
-41 -37 -44
-44 -37 -42
-45 -39 -48
-42 -37 -45
-39 -38 -43
-38 -38 -46
-39 -39 -45
-39 -37 -48
-40 -38 -43
-41 -38 -42
-41 -37 -45
-44 -37 -45
-38 -37 -44
-40 -37 -47
-43 -37 -44
-42 -39 -44
-42 -37 -46
-40 -38 -45
-45 -39 -44
-48 -37 -45
-42 -38 -46
-44 -40 -46
-44 -40 -45
-43 -38 -45
-41 -37 -46
-41 -37 -43
-43 -36 -43
-42 -38 -43
-41 -37 -44
-41 -38 -44
-41 -38 -43
-45 -38 -42
-43 -38 -43
-45 -36 -44
-42 -41 -43
-42 -39 -44
-41 -40 -44
-38 -39 -41
-41 -38 -43
-41 -37 -46
-41 -37 -45
-44 -39 -44
-42 -39 -42
-42 -38 -42
-45 -37 -42
-45 -37 -45
-42 -37 -44
-43 -37 -43
-42 -37 -46
-42 -37 -45
-39 -37 -44
-41 -37 -44
-41 -37 -41
-40 -39 -44
-40 -39 -48
-40 -39 -45
-40 -38 -43
-43 -38 -45
-45 -38 -47
-42 -39 -48
-41 -38 -50
-41 -39 -49
-41 -39 -47
-41 -38 -46
-41 -40 -45
-41 -40 -45
-41 -40 -48
-43 -40 -47
-41 -40 -48
-43 -40 -48
-43 -38 -49
-41 -37 -49
-47 -36 -49
