-36 -37 -44
-40 -40 -39
-36 -43 -40
-36 -43 -42
-36 -40 -42
-35 -43 -42
-36 -41 -39
-37 -42 -42
-36 -42 -41
-38 -44 -44
-39 -43 -44
-37 -42 -41
-37 -42 -40
-36 -38 -41
-36 -40 -41
-37 -40 -41
-37 -40 -41
-37 -39 -42
-37 -40 -40
-39 -40 -40
-36 -40 -40
-37 -39 -41
-37 -39 -41
-37 -39 -43
-37 -39 -43
-36 -41 -43
-36 -41 -43
-36 -41 -42
-37 -41 -41
-37 -40 -42
-37 -40 -43
-37 -41 -42
-36 -41 -41
-36 -41 -40
-33 -38 -41
-37 -42 -43
-36 -41 -41
-37 -40 -43
-39 -43 -39
-38 -40 -41
-36 -40 -42
-36 -42 -44
-36 -39 -41
-36 -40 -41
-35 -41 -41
-38 -43 -41
-38 -43 -41
-39 -42 -41
-38 -42 -41
-38 -42 -41
-38 -42 -43
-38 -42 -40
-38 -40 -41
-38 -41 -41
-39 -42 -41
-38 -41 -40
-38 -40 -40
-37 -40 -41
-35 -43 -44
-37 -40 -47
-38 -42 -42
-36 -41 -42
-37 -41 -42
-37 -40 -43
-38 -40 -42
-37 -41 -42
-37 -40 -42
-37 -40 -42
-39 -41 -43
-38 -40 -41
-36 -41 -41
-38 -41 -44
-38 -40 -42
-38 -41 -42
-38 -41 -41
-34 -41 -40
-37 -41 -43
-37 -41 -44
-37 -40 -42
-37 -38 -42
-38 -41 -41
-38 -42 -41
-37 -43 -43
-37 -41 -41
-37 -41 -43
-37 -41 -42
-38 -39 -41
-37 -41 -41
-37 -42 -42
-38 -41 -42
-38 -42 -41
-37 -42 -41
-36 -42 -43
-38 -42 -43
-37 -39 -42
-37 -41 -40
-37 -38 -43
-36 -40 -39
-36 -43 -41
-37 -42 -42
-40 -40 -42
-38 -41 -40
-38 -40 -40
-39 -40 -43
-37 -41 -42
-38 -39 -41
-38 -39 -40
-38 -39 -41
-38 -40 -42
-37 -41 -41
