-35 -39 -39
-36 -50 -39
-39 -56 -41
-39 -48 -38
-39 -50 -40
-36 -49 -39
-36 -45 -38
-35 -46 -38
-36 -57 -39
-36 -55 -40
-36 -57 -38
-36 -61 -38
-39 -54 -38
-37 -57 -38
-35 -52 -38
-37 -53 -38
-35 -56 -38
-37 -53 -38
-36 -49 -38
-35 -53 -38
-35 -48 -39
-36 -47 -39
-37 -45 -40
-41 -47 -39
-37 -44 -38
-37 -44 -38
-37 -45 -41
-37 -44 -38
-37 -44 -38
-38 -44 -38
-38 -46 -38
-36 -45 -38
-37 -45 -39
-38 -45 -40
-38 -45 -38
-38 -48 -39
-39 -53 -38
-39 -50 -38
-38 -53 -38
-39 -55 -36
-38 -59 -39
-38 -55 -38
-39 -48 -40
-38 -50 -40
-36 -51 -38
-37 -56 -39
-36 -58 -38
-38 -52 -39
-38 -62 -38
-37 -48 -38
-36 -50 -38
-35 -47 -38
-37 -45 -39
-37 -50 -38
-36 -51 -38
-36 -52 -37
-36 -48 -38
-37 -47 -38
-37 -48 -38
-38 -54 -38
-35 -45 -39
-35 -47 -39
-36 -50 -38
-35 -52 -38
-36 -47 -38
-37 -48 -40
-36 -49 -40
-36 -50 -40
-37 -53 -38
-37 -50 -39
-37 -50 -38
-35 -49 -39
-35 -57 -38
-35 -51 -39
-35 -46 -38
-37 -51 -38
-32 -49 -38
-36 -60 -39
-36 -59 -38
-36 -57 -38
-37 -59 -38
-35 -51 -38
-38 -49 -38
-36 -51 -40
-36 -52 -39
-36 -49 -39
-36 -50 -38
-36 -51 -39
-37 -49 -39
-36 -51 -39
-35 -53 -39
-39 -52 -38
-36 -56 -39
-36 -49 -38
-36 -54 -38
-36 -49 -38
-35 -48 -40
-35 -49 -40
-36 -49 -39
-35 -48 -40
-37 -49 -40
-36 -55 -40
-38 -52 -39
-36 -59 -36
-39 -55 -39
-36 -50 -39
-36 -50 -39
-36 -52 -39
-35 -51 -39
-37 -51 -38
-36 -51 -39
-36 -50 -38
