-35 -33 -40
-35 -33 -39
-41 -33 -40
-41 -34 -41
-41 -33 -42
-41 -32 -41
-39 -33 -40
-40 -33 -39
-40 -32 -40
-42 -32 -41
-40 -33 -41
-40 -32 -41
-41 -33 -40
-41 -33 -40
-41 -33 -41
-38 -33 -41
-40 -33 -40
-38 -33 -41
-40 -33 -40
-40 -34 -40
-37 -33 -40
-39 -33 -40
-41 -33 -41
-41 -33 -42
-39 -33 -40
-39 -33 -43
-39 -34 -41
-38 -34 -41
-41 -33 -40
-40 -33 -41
-38 -32 -41
-43 -33 -40
-38 -33 -41
-42 -33 -38
-41 -33 -38
-45 -33 -40
-43 -36 -39
-42 -33 -40
-43 -33 -41
-42 -32 -39
-39 -34 -41
-39 -32 -41
-41 -33 -39
-41 -32 -39
-42 -33 -37
-40 -34 -40
-38 -33 -40
-40 -32 -39
-38 -33 -41
-40 -33 -41
-42 -33 -40
-42 -33 -40
-42 -33 -41
-41 -33 -42
-41 -33 -39
-42 -33 -41
-41 -34 -41
-41 -32 -40
-42 -34 -40
-42 -34 -40
-42 -32 -41
-42 -33 -40
-42 -33 -40
-41 -33 -40
-41 -33 -41
-41 -36 -39
-42 -33 -39
-42 -33 -41
-42 -33 -41
-41 -33 -40
-42 -33 -40
-42 -34 -39
-41 -33 -39
-41 -33 -40
-41 -34 -39
-41 -34 -39
-42 -33 -39
-42 -33 -39
-42 -33 -39
-42 -33 -41
-42 -33 -41
-42 -34 -39
-42 -33 -41
-40 -33 -40
-42 -33 -39
-38 -34 -44
-41 -33 -39
-41 -33 -40
-40 -33 -39
-43 -33 -39
-41 -34 -39
-42 -33 -39
-42 -32 -39
-41 -33 -39
-41 -34 -39
-41 -33 -39
-42 -33 -39
-42 -33 -39
-43 -34 -39
-42 -33 -39
-42 -36 -39
-37 -36 -39
-41 -34 -40
-41 -33 -40
-42 -33 -39
-42 -33 -39
-41 -33 -40
-41 -36 -40
-41 -36 -40
-41 -36 -39
-41 -33 -39
-42 -34 -39
-42 -34 -40
-35 -34 -39
-39 -33 -39
