-40 -33 -40
-41 -38 -58
-41 -37 -53
-42 -38 -61
-38 -38 -57
-40 -41 -61
-40 -40 -54
-41 -38 -51
-40 -37 -51
-38 -38 -51
-40 -36 -56
-41 -36 -55
-41 -38 -60
-42 -37 -53
-42 -38 -55
-40 -37 -54
-41 -38 -52
-38 -37 -65
-41 -38 -51
-41 -38 -51
-41 -38 -51
-41 -38 -51
-41 -38 -51
-40 -38 -52
-40 -38 -55
-40 -38 -58
-40 -38 -61
-40 -38 -61
-42 -38 -58
-40 -38 -58
-40 -37 -56
-41 -37 -58
-38 -40 -51
-42 -36 -56
-39 -39 -48
-40 -37 -57
-41 -39 -54
-39 -38 -47
-39 -38 -53
-41 -37 -56
-39 -38 -55
-41 -38 -55
-44 -39 -57
-41 -38 -59
-40 -38 -71
-37 -39 -51
-42 -38 -56
-41 -38 -54
-43 -38 -54
-38 -39 -57
-40 -39 -57
-41 -38 -54
-41 -38 -55
-41 -38 -56
-41 -38 -55
-39 -38 -52
-39 -38 -53
-41 -39 -52
-40 -38 -51
-41 -39 -51
-41 -39 -52
-40 -39 -52
-35 -39 -51
-40 -39 -52
-40 -39 -52
-40 -38 -52
-40 -38 -53
-40 -38 -53
-42 -38 -53
-40 -38 -56
-40 -38 -53
-40 -38 -56
-40 -38 -53
-40 -38 -56
-40 -38 -53
-40 -38 -56
-40 -38 -56
-42 -38 -57
-40 -38 -61
-40 -39 -61
-40 -39 -58
-40 -39 -63
-38 -37 -59
-39 -37 -53
-40 -39 -57
-40 -39 -64
-41 -39 -56
-41 -39 -58
-39 -39 -54
-41 -37 -50
-41 -37 -52
-42 -39 -51
-40 -39 -59
-41 -38 -54
-40 -39 -53
-38 -38 -60
-41 -37 -59
-42 -37 -58
-40 -37 -57
-38 -37 -54
-38 -38 -55
-39 -37 -61
-40 -38 -55
-40 -38 -57
-38 -37 -59
-42 -38 -69
-41 -37 -54
-41 -37 -62
-41 -37 -55
-35 -38 -57
-41 -38 -60
-40 -37 -59
