-40 -36 -51
-34 -36 -42
-34 -36 -43
-34 -35 -44
-35 -36 -43
-34 -35 -41
-34 -35 -42
-34 -35 -41
-34 -35 -43
-33 -36 -40
-34 -36 -41
-33 -36 -42
-33 -34 -41
-33 -35 -41
-34 -34 -43
-33 -35 -43
-35 -34 -42
-29 -35 -40
-34 -36 -43
-33 -36 -43
-33 -35 -42
-33 -36 -42
-34 -35 -42
-33 -36 -42
-33 -34 -40
-34 -34 -41
-33 -35 -41
-33 -34 -40
-33 -34 -44
-33 -34 -43
-33 -34 -41
-33 -35 -41
-33 -34 -42
-34 -34 -42
-37 -34 -43
-35 -35 -43
-34 -34 -42
-34 -35 -42
-34 -36 -43
-33 -36 -42
-29 -35 -44
-35 -33 -42
-34 -36 -42
-35 -36 -42
-35 -37 -42
-35 -37 -43
-34 -37 -42
-34 -36 -43
-34 -37 -42
-34 -36 -42
-34 -34 -42
-35 -35 -42
-36 -34 -42
-34 -35 -43
-35 -35 -42
-34 -35 -43
-33 -36 -42
-33 -36 -40
-35 -35 -41
-36 -35 -41
-35 -35 -42
-34 -35 -42
-33 -34 -42
-34 -36 -44
-34 -35 -43
-36 -32 -43
-34 -35 -44
-34 -34 -43
-34 -36 -42
-33 -36 -43
-34 -35 -43
-34 -35 -42
-33 -35 -43
-33 -35 -42
-33 -35 -43
-33 -34 -44
-33 -35 -44
-33 -35 -43
-33 -35 -42
-34 -35 -44
-33 -36 -43
-36 -34 -44
-34 -36 -45
-35 -35 -44
-34 -34 -44
-34 -35 -43
-33 -35 -43
-34 -35 -44
-34 -35 -44
-34 -35 -43
-34 -35 -43
-35 -35 -43
-35 -35 -43
-35 -35 -44
-35 -35 -43
-36 -35 -43
-36 -36 -44
-35 -35 -43
-36 -35 -44
-36 -35 -44
-35 -35 -43
-35 -35 -43
-35 -35 -43
-35 -35 -44
-35 -35 -44
-35 -35 -44
-35 -35 -42
-36 -35 -43
-35 -35 -42
-35 -35 -42
-35 -35 -43
-34 -35 -43
-33 -36 -41
-33 -35 -42
-33 -35 -42
-34 -35 -42
-33 -35 -41
-33 -35 -42
-33 -35 -41
-33 -35 -41
-33 -35 -42
