-34 -35 -40
-38 -33 -41
-39 -33 -41
-39 -33 -42
-39 -33 -40
-39 -33 -41
-38 -33 -41
-37 -33 -42
-40 -32 -39
-39 -33 -41
-37 -33 -41
-39 -33 -41
-37 -32 -43
-38 -33 -43
-38 -33 -42
-38 -33 -41
-37 -32 -40
-37 -33 -45
-35 -33 -44
-36 -33 -42
-37 -33 -40
-39 -34 -42
-36 -34 -39
-37 -33 -40
-36 -34 -44
-38 -33 -43
-38 -34 -41
-37 -34 -42
-38 -34 -43
-38 -33 -43
-37 -34 -42
-37 -33 -41
-37 -33 -42
-36 -33 -42
-37 -34 -43
-37 -32 -42
-37 -33 -42
-37 -33 -42
-37 -33 -43
-37 -33 -42
-37 -33 -42
-37 -34 -42
-37 -34 -42
-37 -33 -42
-37 -34 -43
-37 -34 -41
-37 -33 -43
-37 -33 -42
-38 -34 -42
-37 -33 -42
-37 -33 -42
-38 -33 -44
-42 -33 -42
-38 -34 -42
-38 -34 -42
-36 -33 -43
-37 -33 -43
-37 -33 -42
-36 -34 -42
-38 -33 -42
-37 -33 -42
-38 -34 -42
-36 -33 -42
-37 -33 -42
-37 -33 -43
-37 -33 -41
-36 -34 -43
-37 -32 -42
-39 -32 -42
-37 -33 -42
-36 -32 -42
-36 -33 -43
-37 -33 -44
-36 -33 -43
-37 -34 -43
-37 -34 -43
-39 -33 -42
-38 -34 -42
-38 -32 -43
-36 -33 -42
-39 -33 -42
-36 -33 -42
-38 -33 -43
-37 -33 -43
-36 -33 -41
-36 -32 -41
-37 -34 -41
-36 -34 -41
-36 -33 -40
-36 -34 -40
-36 -34 -42
-37 -34 -42
-36 -34 -42
-37 -33 -39
-37 -33 -41
-36 -33 -38
-38 -33 -41
-37 -34 -41
-36 -33 -41
-37 -34 -43
-36 -33 -42
-38 -33 -43
-37 -33 -44
-38 -33 -42
-38 -33 -42
-38 -33 -42
-38 -33 -41
-37 -33 -41
-37 -33 -41
-37 -33 -41
-39 -32 -42
-36 -33 -40
