-39 -45 -42
-39 -42 -36
-38 -42 -36
-38 -40 -35
-37 -42 -36
-36 -42 -35
-38 -42 -37
-39 -42 -36
-40 -42 -35
-38 -43 -37
-39 -44 -35
-38 -42 -35
-38 -41 -36
-39 -42 -35
-38 -42 -36
-38 -43 -36
-38 -43 -36
-39 -42 -36
-39 -43 -36
-40 -41 -36
-39 -39 -35
-39 -42 -35
-40 -43 -36
-39 -43 -34
-39 -43 -32
-39 -42 -36
-39 -41 -36
-40 -42 -35
-39 -42 -35
-39 -42 -35
-40 -42 -35
-40 -42 -35
-40 -42 -35
-40 -42 -35
-39 -43 -35
-40 -42 -36
-39 -42 -35
-40 -41 -36
-40 -41 -35
-40 -42 -35
-40 -41 -35
-40 -42 -35
-40 -42 -35
-39 -42 -32
-38 -43 -34
-39 -42 -36
-39 -41 -35
-40 -42 -35
-40 -43 -35
-39 -42 -36
-40 -45 -34
-40 -44 -35
-40 -41 -35
-40 -42 -36
-40 -41 -36
-40 -42 -36
-40 -40 -36
-40 -41 -36
-40 -42 -36
-39 -41 -36
-39 -42 -36
-39 -42 -36
-40 -42 -36
-40 -41 -36
-40 -40 -36
-40 -41 -36
-40 -41 -36
-40 -43 -36
-41 -42 -35
-40 -40 -36
-39 -41 -36
-39 -40 -36
-37 -41 -36
-40 -43 -36
-39 -41 -37
-38 -41 -35
-39 -43 -36
-38 -42 -37
-38 -42 -36
-37 -41 -36
-39 -42 -36
-39 -41 -35
-39 -41 -36
-40 -41 -35
-39 -40 -36
-39 -41 -36
-38 -42 -36
-38 -41 -36
-39 -41 -36
-38 -43 -37
-38 -42 -37
-40 -43 -36
-39 -40 -36
-39 -40 -36
-39 -41 -37
-39 -43 -36
-39 -39 -36
-41 -39 -35
-40 -39 -36
-38 -42 -36
-38 -43 -36
-37 -42 -36
-41 -43 -36
-39 -43 -36
-39 -42 -36
-39 -41 -36
-42 -42 -36
