-23 -21 -17
-23 -21 -21
-23 -21 -21
-23 -21 -21
-23 -21 -20
-23 -21 -21
-23 -21 -21
-23 -21 -21
-23 -21 -21
-23 -21 -21
-23 -21 -21
-23 -21 -21
-23 -21 -21
-23 -21 -21
-23 -21 -21
-23 -21 -21
-23 -21 -21
-23 -21 -21
-23 -21 -21
-23 -21 -21
-23 -21 -21
-23 -21 -21
-23 -21 -21
-23 -21 -21
-23 -21 -21
-23 -21 -21
-23 -21 -21
-23 -21 -21
-23 -21 -21
-23 -21 -21
-23 -21 -21
-23 -21 -21
-23 -21 -21
-23 -21 -21
-23 -21 -21
-23 -21 -21
-23 -21 -21
-23 -21 -21
-23 -21 -21
-23 -21 -21
-23 -21 -21
-23 -21 -21
-23 -21 -21
-23 -21 -21
-23 -21 -21
-23 -21 -22
-23 -21 -21
-23 -21 -21
-23 -21 -21
-23 -21 -21
-23 -21 -21
-23 -21 -21
-23 -21 -21
-23 -21 -21
-23 -21 -21
-23 -21 -21
-23 -21 -21
-23 -21 -21
-23 -21 -21
-23 -21 -21
-23 -21 -21
-23 -21 -21
-23 -21 -21
-23 -21 -22
-23 -21 -21
-23 -21 -21
-23 -21 -21
-23 -21 -21
-23 -21 -21
-23 -21 -21
-23 -21 -21
-23 -21 -21
-23 -21 -21
-23 -21 -21
-23 -21 -21
-23 -21 -21
-23 -21 -21
-23 -21 -21
-23 -21 -21
-23 -21 -21
-23 -21 -21
-23 -21 -21
-23 -21 -21
-23 -21 -21
-23 -21 -21
-23 -21 -21
-23 -21 -21
-23 -21 -21
-23 -21 -21
-23 -21 -21
-23 -21 -21
-23 -21 -21
-23 -21 -21
-23 -21 -21
-23 -21 -21
-23 -21 -21
-23 -21 -21
-23 -21 -21
-23 -21 -21
-23 -21 -21
-23 -21 -21
-23 -21 -21
-23 -21 -21
-23 -21 -21
-23 -21 -21
-23 -21 -21
-23 -21 -21
-23 -21 -21
-23 -21 -21
-23 -21 -21
