-35 -39 -36
-34 -38 -56
-36 -38 -58
-36 -38 -61
-34 -38 -60
-35 -39 -53
-35 -39 -49
-33 -39 -50
-32 -38 -49
-33 -38 -49
-33 -38 -49
-34 -38 -52
-34 -38 -53
-34 -40 -56
-34 -42 -55
-33 -40 -51
-33 -40 -51
-33 -41 -51
-33 -40 -50
-33 -40 -50
-33 -38 -52
-33 -40 -55
-33 -39 -53
-33 -39 -52
-33 -37 -52
-33 -38 -54
-33 -36 -53
-34 -37 -53
-33 -37 -51
-32 -37 -51
-32 -37 -52
-33 -37 -51
-33 -37 -51
-33 -37 -53
-33 -37 -51
-33 -37 -51
-33 -37 -54
-33 -37 -51
-33 -37 -51
-33 -37 -51
-33 -37 -53
-33 -37 -50
-33 -37 -51
-33 -37 -55
-33 -38 -54
-33 -38 -51
-33 -39 -50
-33 -38 -51
-33 -39 -52
-32 -40 -51
-33 -39 -50
-33 -38 -47
-33 -38 -48
-33 -38 -50
-33 -40 -50
-33 -39 -55
-33 -39 -51
-33 -41 -47
-33 -38 -48
-33 -38 -48
-33 -39 -49
-33 -38 -55
-33 -39 -48
-33 -39 -46
-33 -39 -46
-33 -39 -47
-34 -40 -48
-33 -38 -47
-33 -38 -48
-33 -38 -47
-33 -38 -46
-33 -38 -42
-33 -38 -46
-33 -38 -47
-33 -37 -48
-33 -38 -47
-33 -37 -47
-33 -37 -47
-33 -37 -46
-33 -37 -47
-33 -38 -47
-33 -38 -47
-33 -38 -48
-33 -37 -48
-33 -38 -48
-33 -38 -47
-33 -35 -47
-33 -38 -47
-33 -38 -47
-33 -38 -47
-33 -38 -47
-33 -36 -47
-33 -38 -47
-33 -38 -48
-33 -37 -48
-33 -38 -47
-33 -38 -48
-33 -40 -48
-33 -38 -47
-33 -38 -51
-33 -38 -47
-33 -37 -46
-33 -38 -53
-33 -38 -58
-33 -38 -50
-33 -38 -53
-33 -38 -51
-33 -39 -51
-34 -37 -51
-33 -39 -53
