-24 -25 -24
-29 -25 -23
-29 -26 -23
-29 -25 -23
-29 -25 -23
-29 -25 -23
-29 -25 -23
-29 -25 -23
-29 -25 -23
-29 -25 -23
-29 -25 -23
-29 -25 -23
-29 -25 -23
-29 -25 -23
-29 -25 -23
-29 -25 -23
-29 -25 -23
-29 -25 -23
-29 -25 -23
-29 -25 -23
-29 -25 -23
-29 -25 -23
-29 -25 -23
-29 -25 -23
-29 -25 -23
-29 -25 -23
-29 -25 -23
-29 -25 -23
-29 -25 -23
-29 -25 -23
-29 -25 -23
-29 -25 -23
-29 -25 -23
-29 -25 -23
-29 -25 -23
-29 -25 -23
-29 -25 -23
-29 -25 -23
-29 -25 -23
-29 -25 -23
-29 -27 -23
-29 -25 -23
-29 -25 -23
-29 -25 -23
-29 -25 -23
-29 -25 -23
-29 -25 -23
-29 -25 -23
-29 -25 -23
-29 -25 -23
-29 -25 -23
-29 -25 -23
-29 -25 -23
-29 -25 -23
-29 -25 -23
-29 -25 -23
-29 -25 -23
-29 -25 -23
-29 -25 -23
-29 -25 -23
-29 -25 -23
-29 -25 -23
-29 -25 -23
-29 -25 -23
-29 -25 -23
-29 -25 -23
-29 -25 -23
-29 -25 -23
-29 -25 -23
-29 -25 -23
-29 -25 -23
-29 -25 -23
-29 -25 -23
-29 -25 -23
-29 -25 -23
-29 -25 -23
-29 -25 -23
-29 -25 -23
-29 -25 -23
-29 -25 -23
-29 -25 -23
-29 -25 -23
-29 -25 -23
-29 -25 -23
-29 -25 -23
-29 -25 -23
-29 -25 -23
-29 -25 -23
-29 -25 -23
-29 -25 -23
-29 -25 -23
-29 -25 -23
-29 -25 -23
-29 -25 -23
-29 -25 -23
-29 -25 -23
-29 -25 -23
-29 -25 -23
-29 -25 -23
-29 -25 -23
-29 -25 -23
-29 -25 -23
-29 -25 -23
-29 -25 -23
-29 -25 -23
-29 -25 -23
-29 -25 -23
-29 -25 -23
-29 -25 -23
-29 -25 -23
-29 -25 -23
-29 -25 -23
-29 -25 -23
-29 -25 -23
-29 -25 -23
