-42 -25 -23
-46 -41 -31
-46 -45 -32
-51 -40 -32
-45 -41 -33
-44 -41 -32
-43 -39 -33
-47 -43 -35
-46 -42 -35
-46 -44 -33
-44 -44 -33
-45 -43 -33
-47 -43 -33
-46 -43 -32
-46 -45 -33
-46 -43 -34
-46 -45 -31
-47 -43 -31
-47 -43 -34
-48 -43 -34
-41 -43 -33
-46 -43 -33
-45 -44 -33
-47 -43 -32
-47 -43 -32
-44 -43 -33
-47 -43 -32
-47 -43 -32
-47 -44 -33
-47 -43 -32
-40 -41 -34
-46 -44 -31
-47 -43 -32
-44 -43 -33
-46 -43 -32
-40 -45 -33
-47 -43 -33
-48 -43 -32
-46 -45 -32
-48 -43 -33
-45 -43 -32
-41 -43 -33
-50 -43 -32
-47 -43 -33
-41 -43 -32
-47 -42 -33
-48 -43 -33
-41 -46 -33
-47 -45 -34
-44 -43 -32
-47 -43 -33
-47 -45 -33
-46 -43 -33
-46 -42 -33
-41 -43 -32
-47 -45 -32
-44 -43 -33
-47 -43 -32
-47 -43 -34
-46 -43 -33
-48 -43 -32
-46 -44 -33
-48 -45 -34
-47 -42 -33
-46 -42 -32
-43 -41 -32
-43 -43 -33
-43 -42 -33
-42 -43 -32
-45 -40 -32
-45 -41 -33
-45 -40 -32
-45 -40 -32
-45 -41 -32
-45 -41 -33
-45 -41 -32
-45 -40 -32
-45 -40 -32
-45 -40 -33
-45 -40 -33
-45 -40 -33
-45 -40 -32
-45 -41 -33
-45 -40 -32
-45 -41 -32
-45 -40 -32
-45 -40 -33
-44 -40 -33
-45 -41 -34
-45 -40 -32
-45 -45 -34
-45 -45 -34
-46 -43 -33
-45 -43 -32
-45 -42 -32
-45 -42 -32
-46 -44 -32
-45 -44 -33
-48 -44 -34
-48 -44 -32
-47 -44 -33
-48 -44 -35
-48 -42 -31
-49 -41 -34
-44 -41 -33
-45 -41 -32
