-43 -36 -38
-41 -34 -38
-34 -33 -38
-35 -33 -42
-33 -35 -38
-33 -34 -41
-33 -34 -44
-31 -36 -40
-32 -34 -38
-29 -35 -38
-34 -34 -38
-33 -34 -39
-33 -35 -38
-34 -34 -38
-33 -34 -39
-32 -34 -37
-33 -34 -38
-33 -33 -38
-33 -34 -38
-33 -34 -39
-33 -34 -40
-34 -33 -40
-32 -33 -38
-34 -32 -38
-33 -33 -38
-34 -33 -38
-32 -33 -40
-33 -33 -39
-32 -35 -38
-29 -34 -39
-33 -34 -38
-33 -33 -38
-33 -33 -38
-34 -34 -39
-32 -34 -38
-34 -34 -39
-33 -34 -38
-33 -34 -39
-34 -33 -39
-32 -34 -39
-32 -34 -38
-33 -34 -38
-33 -34 -38
-32 -34 -38
-33 -34 -39
-33 -34 -44
-32 -34 -39
-33 -34 -39
-32 -34 -39
-32 -36 -44
-31 -32 -39
-33 -33 -38
-33 -34 -39
-33 -34 -39
-32 -34 -38
-33 -33 -39
-33 -34 -39
-32 -34 -39
-33 -34 -41
-32 -34 -39
-33 -34 -39
-33 -33 -40
-32 -34 -39
-32 -34 -39
-32 -34 -39
-33 -33 -39
-33 -34 -39
-32 -34 -38
-33 -34 -38
-33 -34 -38
-33 -34 -39
-33 -34 -39
-33 -34 -39
-33 -34 -38
-33 -34 -39
-33 -34 -39
-33 -34 -39
-33 -34 -40
-33 -35 -40
-32 -34 -39
-33 -34 -39
-33 -34 -39
-33 -34 -39
-33 -36 -39
-33 -34 -39
-33 -34 -39
-33 -34 -38
-33 -34 -39
-33 -34 -39
-33 -34 -39
-33 -34 -39
-33 -34 -41
-33 -34 -39
-33 -34 -41
-33 -34 -39
-33 -34 -38
-33 -33 -39
-33 -34 -39
-33 -34 -39
-33 -34 -39
-33 -34 -39
-33 -34 -39
-33 -34 -39
-33 -34 -39
-33 -34 -39
-33 -34 -39
-33 -34 -39
-33 -34 -38
-33 -34 -40
-33 -34 -39
-33 -32 -39
-33 -34 -40
-33 -34 -39
-33 -32 -39
-33 -34 -39
-33 -34 -39
-33 -34 -39
-33 -34 -39
-33 -34 -39
-33 -34 -39
-33 -34 -37
-33 -34 -39
-33 -34 -39
-33 -34 -39
-33 -34 -39
-33 -34 -39
-33 -34 -39
-33 -34 -39
-33 -33 -39
-33 -33 -39
-33 -33 -39
-33 -34 -39
-33 -33 -39
-33 -33 -39
