-33 -26 -31
-27 -26 -30
-27 -26 -31
-27 -26 -31
-27 -26 -31
-27 -27 -31
-27 -26 -31
-26 -27 -31
-27 -26 -31
-27 -26 -31
-26 -27 -31
-26 -26 -31
-26 -26 -31
-27 -26 -31
-26 -26 -31
-27 -26 -32
-26 -26 -31
-27 -26 -32
-27 -26 -31
-26 -26 -31
-27 -26 -31
-27 -26 -31
-26 -26 -31
-26 -27 -31
-26 -27 -31
-26 -27 -31
-26 -26 -31
-26 -26 -31
-26 -27 -31
-26 -26 -31
-26 -27 -31
-26 -27 -31
-26 -26 -31
-26 -26 -31
-26 -26 -31
-26 -27 -31
-26 -26 -31
-26 -26 -31
-26 -26 -31
-26 -26 -31
-26 -26 -31
-26 -26 -31
-26 -26 -31
-26 -26 -31
-26 -26 -31
-26 -26 -31
-26 -27 -31
-26 -26 -31
-26 -27 -31
-26 -26 -31
-26 -27 -31
-26 -26 -31
-26 -26 -31
-26 -26 -31
-26 -26 -31
-26 -27 -31
-26 -26 -31
-26 -26 -31
-26 -26 -31
-26 -26 -31
-27 -26 -31
-26 -26 -31
-26 -26 -31
-26 -26 -31
-26 -26 -31
-26 -26 -31
-26 -26 -31
-26 -26 -31
-26 -26 -31
-26 -27 -31
-26 -27 -31
-26 -26 -31
-26 -26 -31
-26 -26 -31
-26 -26 -31
-26 -26 -31
-26 -26 -31
-26 -26 -31
-26 -27 -31
-26 -26 -31
-26 -26 -31
-26 -26 -31
-26 -27 -31
-26 -26 -31
-26 -26 -31
-26 -26 -31
-26 -26 -31
-26 -26 -31
-26 -26 -31
-26 -26 -31
-26 -26 -31
-26 -26 -31
-26 -26 -31
-26 -26 -31
-26 -26 -31
-26 -26 -34
-26 -27 -31
-26 -26 -31
-26 -26 -31
-26 -26 -31
-26 -27 -31
-26 -27 -31
-26 -27 -31
-26 -26 -31
-26 -26 -31
-26 -26 -31
-26 -27 -31
-26 -26 -31
-26 -26 -31
-26 -27 -31
-26 -26 -31
-26 -26 -31
-26 -26 -31
-26 -26 -31
-26 -26 -31
-26 -26 -31
-26 -26 -31
-26 -27 -31
-26 -26 -31
-26 -27 -31
-26 -26 -31
-26 -26 -31
-26 -26 -31
-26 -26 -31
-26 -26 -31
-26 -26 -34
-26 -26 -31
-26 -26 -31
-26 -26 -31
-26 -26 -31
-26 -26 -31
-26 -26 -31
-26 -26 -31
-26 -26 -31
-26 -26 -31
-26 -27 -31
