-26 -25 -30
-28 -25 -27
-28 -25 -27
-28 -25 -27
-28 -25 -26
-28 -25 -26
-28 -25 -26
-28 -25 -26
-28 -25 -26
-28 -25 -26
-28 -25 -26
-28 -25 -27
-28 -25 -27
-28 -25 -27
-28 -25 -27
-28 -25 -27
-29 -25 -27
-28 -25 -27
-28 -25 -27
-28 -24 -27
-28 -25 -27
-28 -25 -27
-28 -25 -27
-28 -25 -27
-28 -25 -27
-28 -25 -27
-28 -25 -27
-28 -25 -27
-29 -25 -27
-28 -25 -27
-28 -25 -27
-28 -25 -27
-28 -25 -27
-28 -25 -27
-28 -25 -27
-28 -25 -27
-28 -25 -27
-28 -25 -27
-28 -25 -27
-28 -25 -27
-28 -25 -27
-28 -25 -27
-28 -25 -27
-28 -25 -27
-28 -25 -27
-28 -25 -27
-28 -25 -27
-28 -25 -27
-28 -25 -27
-28 -25 -27
-28 -25 -27
-28 -25 -27
-28 -25 -27
-28 -25 -27
-28 -25 -27
-28 -25 -27
-28 -25 -27
-28 -25 -27
-28 -25 -27
-28 -25 -27
-28 -25 -27
-28 -25 -27
-28 -25 -27
-28 -25 -27
-28 -25 -27
-28 -25 -27
-28 -25 -27
-28 -25 -27
-28 -25 -27
-28 -25 -27
-28 -25 -27
-28 -25 -27
-28 -25 -27
-28 -25 -27
-28 -25 -27
-28 -25 -27
-28 -25 -27
-28 -25 -27
-28 -26 -27
-28 -25 -27
-28 -25 -27
-28 -25 -27
-28 -25 -27
-28 -25 -27
-28 -25 -27
-28 -25 -27
-28 -25 -27
-28 -25 -27
-28 -25 -27
-28 -25 -27
-28 -25 -27
-28 -25 -27
-28 -25 -27
-28 -25 -27
-28 -25 -27
-28 -25 -27
-28 -25 -27
-28 -25 -27
-28 -25 -27
-28 -25 -27
-28 -25 -27
-28 -25 -27
-28 -25 -27
-28 -25 -27
-28 -25 -27
-28 -25 -27
-28 -25 -27
