-29 -25 -27
-29 -27 -29
-29 -27 -29
-29 -28 -29
-29 -27 -29
-29 -27 -29
-29 -28 -29
-29 -28 -29
-29 -28 -29
-29 -28 -29
-29 -28 -29
-29 -28 -29
-29 -28 -29
-29 -28 -29
-29 -28 -29
-29 -28 -29
-29 -28 -29
-29 -28 -29
-29 -28 -29
-29 -28 -29
-29 -28 -29
-29 -28 -29
-29 -28 -29
-29 -28 -29
-29 -28 -29
-29 -28 -29
-29 -28 -29
-29 -28 -29
-29 -28 -29
-29 -28 -29
-29 -28 -29
-29 -28 -29
-29 -28 -29
-29 -28 -29
-29 -28 -29
-29 -28 -29
-29 -28 -29
-29 -28 -29
-29 -28 -29
-29 -28 -29
-29 -28 -29
-29 -28 -29
-29 -28 -29
-29 -28 -29
-29 -28 -29
-29 -28 -29
-29 -28 -29
-29 -28 -29
-29 -28 -29
-29 -28 -29
-29 -28 -29
-29 -28 -29
-29 -28 -29
-29 -28 -29
-29 -28 -29
-29 -28 -29
-29 -28 -29
-29 -28 -29
-29 -28 -29
-29 -28 -29
-29 -28 -29
-29 -28 -29
-29 -28 -29
-29 -28 -29
-29 -28 -29
-29 -28 -29
-29 -28 -29
-29 -28 -29
-29 -28 -29
-29 -28 -29
-29 -28 -29
-29 -28 -29
-29 -28 -29
-29 -28 -29
-29 -28 -29
-29 -28 -29
-29 -28 -29
-29 -28 -29
-29 -28 -29
-29 -27 -29
-29 -28 -29
-29 -28 -29
-29 -28 -29
-29 -28 -29
-29 -28 -29
-29 -28 -29
-29 -28 -29
-29 -28 -29
-29 -28 -29
-29 -28 -29
-29 -28 -29
-29 -27 -29
-29 -28 -29
-29 -28 -29
-29 -28 -29
-29 -28 -29
-29 -28 -29
-29 -28 -29
-29 -28 -29
-29 -28 -29
-29 -28 -29
-29 -28 -28
-29 -28 -29
-29 -28 -29
-29 -28 -29
-29 -28 -29
-29 -28 -29
-29 -28 -29
