-29 -35 -29
-31 -35 -34
-31 -35 -35
-30 -34 -31
-30 -35 -31
-29 -33 -34
-31 -35 -31
-31 -34 -31
-33 -34 -31
-31 -34 -34
-31 -34 -31
-32 -34 -31
-29 -34 -32
-30 -34 -31
-35 -34 -31
-31 -34 -31
-29 -34 -31
-32 -34 -31
-32 -34 -31
-33 -34 -31
-32 -34 -31
-31 -34 -31
-33 -34 -31
-31 -34 -31
-32 -34 -31
-32 -34 -31
-32 -34 -31
-32 -34 -31
-32 -34 -31
-31 -34 -31
-32 -34 -31
-33 -34 -31
-32 -34 -31
-31 -34 -31
-32 -34 -31
-30 -34 -31
-31 -34 -31
-30 -34 -31
-32 -34 -31
-32 -34 -31
-32 -34 -31
-29 -34 -31
-31 -34 -31
-32 -34 -31
-33 -34 -31
-32 -34 -31
-32 -34 -31
-33 -34 -31
-30 -34 -31
-32 -34 -31
-31 -34 -31
-32 -34 -31
-32 -34 -31
-31 -34 -31
-31 -34 -31
-33 -34 -31
-32 -34 -31
-35 -34 -31
-31 -34 -31
-32 -34 -31
-31 -34 -31
-31 -37 -31
-32 -34 -31
-32 -34 -34
-31 -34 -33
-31 -34 -32
-31 -34 -31
-31 -34 -32
-33 -36 -32
-33 -34 -32
-31 -34 -32
-31 -37 -32
-31 -34 -31
-32 -35 -35
-33 -35 -32
-29 -38 -31
-32 -34 -31
-32 -34 -35
-29 -34 -31
-32 -34 -31
-32 -34 -35
-34 -34 -32
-30 -33 -31
-31 -37 -31
-31 -34 -32
-34 -34 -33
-30 -34 -33
-31 -34 -33
-33 -34 -35
-31 -34 -35
-31 -34 -33
-31 -35 -34
-31 -34 -32
-31 -35 -32
-31 -34 -31
-31 -34 -33
-31 -34 -33
-31 -34 -32
-31 -34 -34
-31 -34 -32
-31 -34 -35
-31 -34 -32
-31 -34 -35
-33 -34 -35
-31 -34 -32
-33 -34 -32
-31 -34 -33
-31 -34 -34
-33 -34 -33
-31 -34 -35
-31 -34 -35
-31 -34 -35
-33 -34 -33
-31 -33 -31
-31 -34 -32
-31 -34 -35
-31 -34 -35
-31 -34 -35
-31 -35 -34
-31 -35 -32
-31 -34 -35
