-31 -34 -31
-31 -30 -31
-29 -30 -31
-33 -31 -31
-29 -30 -31
-33 -30 -33
-33 -30 -35
-32 -31 -32
-33 -30 -31
-31 -30 -35
-32 -31 -31
-33 -31 -31
-32 -30 -32
-32 -30 -31
-32 -31 -31
-33 -30 -31
-32 -30 -31
-33 -31 -31
-34 -30 -31
-29 -30 -31
-33 -31 -31
-34 -31 -31
-32 -31 -31
-33 -31 -31
-31 -31 -31
-31 -31 -31
-31 -30 -31
-30 -31 -31
-32 -31 -31
-33 -30 -31
-33 -31 -31
-30 -31 -31
-33 -30 -31
-33 -30 -31
-33 -31 -31
-33 -30 -31
-33 -31 -31
-32 -31 -31
-33 -30 -31
-29 -31 -31
-33 -30 -31
-31 -30 -31
-31 -31 -31
-34 -30 -31
-31 -31 -31
-33 -31 -31
-32 -30 -32
-31 -31 -31
-31 -31 -34
-33 -31 -32
-31 -30 -32
-29 -31 -31
-32 -31 -31
-32 -30 -31
-32 -31 -31
-33 -31 -31
-32 -31 -31
-32 -30 -31
-33 -30 -31
-32 -31 -31
-32 -31 -31
-31 -31 -31
-33 -31 -31
-33 -31 -31
-29 -31 -31
-33 -31 -34
-29 -31 -31
-29 -31 -31
-33 -31 -31
-33 -30 -31
-33 -31 -31
-31 -30 -31
-27 -30 -31
-33 -30 -31
-32 -30 -31
-33 -30 -31
-33 -30 -31
-33 -30 -31
-31 -30 -31
-33 -30 -32
-33 -30 -35
-30 -31 -31
-29 -31 -31
-33 -31 -32
-33 -31 -33
-33 -30 -35
-33 -31 -35
-33 -31 -31
-33 -31 -31
-33 -30 -31
-33 -31 -33
-33 -31 -32
-33 -31 -31
-32 -30 -34
-33 -30 -31
-32 -31 -31
-33 -31 -31
-33 -31 -31
-33 -30 -31
-32 -31 -31
-32 -30 -31
-32 -31 -31
-33 -31 -31
-33 -30 -31
-33 -30 -31
-33 -30 -31
-33 -30 -31
-33 -30 -31
-33 -30 -32
-33 -30 -31
-33 -30 -34
-33 -30 -31
-33 -30 -31
-33 -31 -32
-33 -30 -31
-33 -31 -31
