-31 -38 -31
-35 -38 -31
-35 -38 -41
-35 -38 -41
-36 -38 -40
-35 -38 -40
-35 -38 -40
-35 -37 -41
-35 -38 -41
-36 -37 -42
-35 -37 -42
-35 -37 -42
-35 -37 -42
-35 -38 -41
-36 -38 -41
-35 -37 -41
-35 -37 -41
-35 -37 -41
-35 -37 -42
-35 -37 -41
-36 -37 -41
-35 -37 -41
-35 -37 -41
-35 -37 -41
-29 -38 -41
-35 -37 -40
-36 -37 -40
-35 -37 -40
-35 -37 -40
-36 -37 -40
-35 -37 -40
-35 -37 -40
-35 -37 -40
-35 -37 -40
-36 -37 -40
-35 -37 -40
-35 -37 -40
-35 -37 -40
-35 -37 -40
-35 -37 -40
-35 -37 -40
-35 -37 -40
-35 -37 -40
-35 -37 -40
-35 -37 -40
-35 -37 -40
-35 -37 -40
-35 -37 -40
-35 -37 -40
-32 -37 -40
-35 -36 -40
-36 -37 -40
-35 -37 -40
-35 -37 -40
-36 -37 -40
-35 -37 -40
-35 -37 -40
-35 -37 -41
-35 -36 -42
-34 -37 -42
-36 -37 -42
-36 -38 -42
-36 -38 -42
-36 -38 -42
-35 -38 -42
-32 -38 -42
-35 -38 -43
-35 -38 -42
-35 -38 -42
-36 -38 -40
-35 -38 -42
-35 -38 -40
-35 -38 -42
-35 -38 -41
-35 -38 -41
-36 -38 -42
-36 -38 -42
-37 -38 -41
-36 -37 -41
-35 -37 -41
-36 -36 -41
-36 -37 -41
-35 -35 -41
-32 -37 -41
-35 -37 -41
-35 -37 -42
-35 -37 -41
-35 -37 -42
-35 -37 -40
-35 -37 -41
-35 -37 -41
-35 -37 -42
-35 -37 -41
-35 -37 -40
-35 -37 -42
-35 -37 -43
-35 -37 -43
-35 -37 -43
-34 -37 -42
-35 -37 -42
-35 -37 -43
-35 -37 -42
-35 -37 -42
-35 -37 -42
-35 -37 -42
-35 -37 -42
-32 -37 -42
-35 -36 -42
-36 -37 -42
-36 -38 -42
-36 -38 -42
-36 -38 -42
