-37 -37 -35
-30 -34 -36
-31 -35 -36
-31 -34 -35
-31 -35 -35
-32 -34 -36
-32 -34 -36
-32 -34 -35
-29 -34 -35
-33 -34 -35
-33 -33 -35
-31 -34 -35
-31 -33 -36
-33 -33 -35
-31 -33 -34
-31 -34 -35
-34 -34 -33
-31 -34 -34
-32 -34 -33
-33 -33 -34
-32 -34 -34
-31 -34 -34
-31 -34 -34
-31 -34 -34
-31 -34 -34
-31 -34 -34
-33 -34 -34
-31 -34 -34
-31 -34 -34
-31 -34 -34
-31 -34 -34
-33 -34 -34
-31 -34 -34
-32 -34 -34
-31 -34 -34
-31 -35 -34
-31 -34 -34
-33 -34 -34
-31 -34 -34
-33 -35 -33
-31 -34 -34
-31 -33 -34
-30 -34 -34
-31 -34 -34
-33 -34 -34
-29 -34 -33
-33 -34 -34
-33 -34 -34
-33 -33 -34
-31 -34 -34
-31 -34 -34
-33 -34 -33
-31 -34 -34
-33 -34 -34
-31 -34 -34
-36 -34 -34
-31 -34 -34
-31 -34 -34
-34 -34 -34
-32 -33 -34
-32 -33 -34
-29 -33 -34
-31 -34 -34
-33 -34 -34
-33 -33 -34
-31 -33 -34
-31 -33 -34
-33 -34 -34
-34 -34 -34
-32 -34 -34
-31 -34 -34
-31 -34 -34
-31 -34 -34
-31 -34 -34
-33 -34 -34
-31 -34 -34
-31 -34 -34
-33 -34 -34
-31 -34 -34
-33 -34 -34
-30 -34 -34
-31 -34 -34
-31 -34 -34
-34 -34 -34
-31 -34 -34
-31 -34 -34
-31 -34 -34
-31 -34 -34
-31 -34 -34
-33 -34 -34
-33 -34 -34
-30 -35 -34
-32 -34 -35
-31 -34 -34
-31 -34 -34
-31 -34 -34
-33 -34 -34
-29 -33 -35
-29 -34 -34
-31 -34 -35
-31 -34 -35
-31 -34 -34
-31 -35 -34
-31 -33 -35
-31 -34 -35
-31 -34 -35
