-31 -34 -34
-36 -36 -33
-36 -41 -33
-36 -36 -33
-36 -39 -33
-35 -37 -34
-35 -35 -34
-36 -35 -33
-36 -35 -34
-35 -35 -33
-32 -36 -33
-36 -36 -33
-36 -36 -33
-36 -37 -33
-36 -36 -33
-33 -36 -33
-36 -36 -34
-35 -36 -34
-36 -37 -34
-36 -37 -33
-36 -37 -33
-36 -36 -33
-36 -38 -33
-36 -38 -33
-37 -38 -33
-36 -36 -33
-36 -36 -33
-37 -37 -33
-36 -36 -33
-36 -36 -33
-36 -36 -33
-36 -37 -34
-36 -36 -34
-36 -37 -34
-33 -36 -34
-35 -37 -34
-35 -39 -33
-35 -37 -34
-35 -36 -33
-36 -37 -33
-35 -37 -34
-35 -37 -33
-35 -37 -33
-35 -37 -33
-35 -37 -33
-36 -37 -33
-36 -37 -33
-35 -36 -34
-36 -37 -33
-36 -38 -33
-36 -37 -34
-36 -37 -34
-36 -37 -34
-36 -37 -34
-38 -38 -34
-36 -37 -34
-35 -37 -34
-36 -37 -34
-36 -36 -34
-36 -37 -33
-36 -37 -34
-36 -37 -34
-35 -37 -34
-36 -37 -34
-36 -37 -34
-36 -37 -34
-35 -37 -33
-36 -37 -34
-36 -37 -33
-36 -37 -33
-36 -37 -34
-35 -38 -34
-35 -37 -33
-36 -38 -34
-35 -36 -34
-36 -37 -34
-36 -37 -34
-36 -36 -34
-36 -36 -33
-35 -36 -34
-35 -36 -33
-35 -36 -33
-36 -37 -33
-35 -37 -33
-36 -37 -33
-36 -36 -33
-34 -36 -33
-36 -36 -33
-35 -36 -33
-35 -37 -33
-32 -36 -33
-35 -36 -33
-35 -36 -33
-35 -36 -33
-35 -36 -33
-35 -36 -33
-35 -36 -33
-36 -37 -33
-35 -38 -33
-36 -36 -33
-36 -36 -33
-36 -36 -33
-35 -36 -33
-36 -37 -33
-29 -37 -33
-35 -37 -33
-35 -37 -33
-36 -37 -33
-32 -37 -33
-36 -38 -34
