-36 -34 -34
-34 -32 -39
-36 -33 -38
-34 -33 -38
-36 -33 -39
-32 -33 -38
-35 -33 -40
-35 -33 -39
-35 -33 -39
-35 -33 -38
-34 -33 -39
-35 -33 -39
-34 -33 -39
-34 -33 -41
-34 -33 -39
-34 -33 -39
-34 -33 -39
-34 -33 -39
-33 -33 -40
-33 -33 -39
-34 -33 -39
-34 -33 -39
-34 -33 -39
-36 -33 -39
-36 -33 -37
-34 -33 -39
-34 -33 -39
-36 -33 -38
-34 -33 -44
-35 -33 -39
-34 -33 -39
-34 -33 -40
-34 -33 -40
-34 -34 -39
-35 -33 -39
-35 -33 -39
-35 -33 -39
-35 -34 -39
-36 -33 -38
-36 -33 -38
-35 -33 -39
-35 -33 -39
-35 -33 -39
-34 -33 -39
-35 -33 -38
-35 -33 -38
-34 -34 -36
-28 -34 -39
-34 -34 -39
-34 -33 -38
-37 -34 -39
-34 -33 -39
-34 -33 -39
-32 -33 -39
-36 -33 -40
-36 -33 -39
-29 -33 -39
-32 -33 -39
-32 -33 -42
-36 -34 -42
-36 -34 -41
-35 -34 -40
-35 -34 -40
-36 -34 -40
-34 -34 -40
-34 -34 -40
-35 -34 -40
-36 -34 -42
-35 -34 -40
-35 -35 -40
-35 -34 -40
-35 -33 -39
-35 -34 -39
-35 -34 -39
-33 -34 -39
-35 -34 -40
-34 -34 -39
-35 -34 -39
-37 -34 -39
-35 -34 -39
-34 -34 -40
-34 -34 -40
-31 -34 -40
-35 -34 -39
-34 -34 -40
-35 -34 -40
-35 -33 -39
-35 -33 -39
-35 -33 -39
-35 -34 -39
-35 -34 -39
-35 -34 -39
-35 -34 -39
-35 -34 -39
-35 -33 -39
-35 -34 -40
-35 -34 -38
-35 -34 -38
-35 -34 -39
-36 -34 -39
-35 -33 -39
-35 -34 -39
-35 -34 -39
-34 -34 -39
-34 -34 -39
-35 -34 -39
-34 -34 -39
