-35 -35 -39
-38 -36 -34
-39 -36 -33
-39 -36 -33
-39 -36 -33
-39 -37 -34
-39 -36 -34
-43 -37 -34
-39 -36 -34
-37 -36 -34
-38 -36 -34
-38 -36 -34
-38 -36 -34
-38 -36 -34
-38 -36 -34
-38 -36 -36
-38 -36 -34
-38 -36 -35
-38 -36 -36
-38 -36 -34
-38 -36 -34
-38 -36 -33
-38 -36 -33
-38 -36 -33
-38 -36 -36
-38 -36 -35
-38 -36 -34
-38 -36 -34
-38 -36 -34
-38 -36 -34
-38 -36 -34
-38 -36 -34
-38 -36 -34
-40 -36 -34
-38 -36 -34
-38 -36 -34
-39 -36 -34
-38 -36 -34
-38 -36 -34
-38 -36 -34
-38 -36 -34
-38 -36 -34
-38 -36 -34
-38 -36 -34
-39 -36 -34
-38 -36 -34
-38 -36 -34
-38 -36 -34
-38 -36 -34
-38 -36 -34
-38 -36 -34
-38 -36 -34
-38 -36 -34
-38 -36 -34
-38 -36 -34
-38 -36 -34
-38 -36 -34
-38 -36 -34
-39 -36 -34
-38 -36 -34
-38 -36 -34
-38 -36 -34
-38 -36 -34
-38 -36 -34
-38 -36 -34
-38 -36 -34
-39 -36 -34
-38 -36 -34
-38 -38 -34
-38 -36 -34
-38 -36 -35
-38 -37 -34
-38 -37 -34
-38 -37 -34
-39 -37 -34
-39 -37 -34
-38 -37 -34
-39 -37 -34
-38 -36 -34
-39 -37 -34
-39 -37 -34
-39 -38 -36
-39 -38 -34
-38 -37 -34
-39 -37 -34
-39 -37 -34
-38 -36 -34
-39 -37 -34
-39 -37 -34
-39 -37 -34
-39 -37 -34
-41 -37 -34
-39 -37 -36
-39 -37 -34
-39 -37 -34
-39 -37 -36
-39 -37 -34
-38 -37 -34
-39 -37 -36
-38 -37 -34
-38 -37 -35
-38 -37 -35
-38 -37 -35
-38 -37 -34
-38 -37 -34
-38 -37 -36
-38 -38 -34
-38 -38 -34
-38 -37 -32
-39 -37 -34
-39 -38 -36
-39 -37 -35
-39 -36 -36
-39 -37 -34
-38 -35 -34
