-37 -45 -33
-41 -43 -41
-41 -42 -41
-42 -43 -41
-41 -43 -40
-42 -43 -41
-42 -44 -40
-41 -43 -41
-42 -43 -41
-41 -43 -41
-41 -43 -41
-42 -48 -41
-41 -43 -41
-41 -43 -40
-41 -45 -41
-40 -45 -41
-41 -44 -40
-41 -44 -40
-42 -43 -41
-41 -44 -41
-41 -44 -41
-41 -44 -40
-41 -43 -40
-41 -44 -40
-41 -44 -41
-42 -43 -41
-41 -43 -40
-41 -43 -40
-41 -45 -42
-41 -44 -41
-42 -43 -41
-41 -43 -41
-41 -43 -42
-42 -43 -42
-41 -43 -41
-41 -44 -41
-41 -43 -41
-41 -45 -41
-43 -45 -42
-42 -43 -41
-42 -43 -42
-42 -43 -41
-42 -45 -41
-42 -44 -41
-41 -44 -41
-41 -43 -41
-41 -43 -42
-41 -44 -42
-41 -43 -42
-41 -43 -41
-41 -43 -41
-38 -43 -42
-41 -45 -39
-41 -44 -42
-44 -43 -42
-41 -43 -42
-41 -44 -42
-41 -43 -42
-41 -44 -43
-41 -43 -43
-41 -44 -42
-41 -45 -41
-41 -44 -41
-42 -44 -41
-41 -44 -41
-44 -43 -42
-41 -44 -42
-41 -43 -41
-41 -44 -41
-41 -43 -42
-41 -43 -42
-41 -43 -42
-41 -44 -42
-38 -44 -42
-41 -46 -42
-41 -45 -42
-41 -46 -42
-41 -44 -44
-41 -44 -41
-40 -43 -41
-44 -44 -41
-42 -44 -41
-41 -44 -41
-39 -44 -42
-40 -44 -41
-39 -44 -41
-39 -44 -41
-39 -45 -41
-39 -46 -44
-38 -45 -41
-39 -46 -41
-39 -45 -41
-36 -46 -42
-39 -45 -41
-39 -45 -41
-39 -45 -44
-39 -45 -41
-39 -46 -42
-39 -46 -41
-40 -47 -41
-40 -45 -41
-39 -45 -42
-39 -45 -42
-39 -46 -42
-39 -45 -42
-39 -45 -42
-40 -45 -42
-39 -45 -42
-40 -44 -42
-40 -43 -42
-35 -44 -42
